%YAML:1.0
---
calibrationDate: "Fri Apr  6 23:24:12 2018\n"
# flags: fix_k3 + fix_principal_point + zero_tangent_dist
flags: -858993460
imageSize:
   - 0
   - 0
cameraMatrix: !!opencv-matrix
   rows: 3
   cols: 3
   dt: d
   data: [ 6.3761951007657694e+02, 0., 2.6574686242970245e+02, 0.,
       6.2911894812431990e+02, 2.8368884114643822e+02, 0., 0., 1. ]
distortionCoefficients: !!opencv-matrix
   rows: 1
   cols: 5
   dt: d
   data: [ -2.1133989024942351e-01, 6.0465644822431230e-01,
       1.4990195468187446e-04, -2.2490055602963851e-02,
       -7.8250927630410327e-01 ]
nImages: 8
rotaionMatrix_0: !!opencv-matrix
   rows: 3
   cols: 1
   dt: d
   data: [ 2.3365344841945217e+00, 1.4575340354038087e+00,
       4.9331165650797132e-01 ]
rotaionMatrix_1: !!opencv-matrix
   rows: 3
   cols: 1
   dt: d
   data: [ 2.8151813419334166e+00, -2.4251274438289175e-01,
       1.4214578203181949e+00 ]
rotaionMatrix_2: !!opencv-matrix
   rows: 3
   cols: 1
   dt: d
   data: [ 2.1643941358159542e+00, 1.7326475568159374e+00,
       6.3039626297257800e-01 ]
rotaionMatrix_3: !!opencv-matrix
   rows: 3
   cols: 1
   dt: d
   data: [ 2.0841189614764897e+00, 2.0774480359027239e+00,
       -4.7006467799473622e-01 ]
rotaionMatrix_4: !!opencv-matrix
   rows: 3
   cols: 1
   dt: d
   data: [ 9.6538018848837705e-03, 2.4603877756414319e+00,
       5.7579587347350125e-01 ]
rotaionMatrix_5: !!opencv-matrix
   rows: 3
   cols: 1
   dt: d
   data: [ 2.7855711759116928e+00, 3.0465144966458380e-01,
       6.6036746427128601e-01 ]
rotaionMatrix_6: !!opencv-matrix
   rows: 3
   cols: 1
   dt: d
   data: [ -1.8329805705866715e+00, -1.5683420595685496e+00,
       4.4996371749559200e-01 ]
rotaionMatrix_7: !!opencv-matrix
   rows: 3
   cols: 1
   dt: d
   data: [ 2.8782356875535977e+00, 6.4943867767121910e-01,
       -7.9046471266063512e-02 ]
translationMatrix_0: !!opencv-matrix
   rows: 3
   cols: 1
   dt: d
   data: [ -1.4868131841170933e+02, -1.7085893313632263e+02,
       1.0497960679282542e+03 ]
translationMatrix_1: !!opencv-matrix
   rows: 3
   cols: 1
   dt: d
   data: [ 7.9217265497381518e+01, -1.9454398480663119e+02,
       1.2490082538963397e+03 ]
translationMatrix_2: !!opencv-matrix
   rows: 3
   cols: 1
   dt: d
   data: [ -1.3760526653373574e+02, -2.4588691530361692e+02,
       1.2349728612369408e+03 ]
translationMatrix_3: !!opencv-matrix
   rows: 3
   cols: 1
   dt: d
   data: [ 2.2788329847348365e+02, -2.3923276885773095e+02,
       1.4593416727603619e+03 ]
translationMatrix_4: !!opencv-matrix
   rows: 3
   cols: 1
   dt: d
   data: [ 5.0964544392248087e+02, -3.6610543401933899e+02,
       1.4542050926146433e+03 ]
translationMatrix_5: !!opencv-matrix
   rows: 3
   cols: 1
   dt: d
   data: [ 2.5162876249444324e+02, 8.5620054525272664e+01,
       1.4269496238616555e+03 ]
translationMatrix_6: !!opencv-matrix
   rows: 3
   cols: 1
   dt: d
   data: [ 1.8290777518415504e+02, -2.5484356633288675e+02,
       9.5341716844961957e+02 ]
translationMatrix_7: !!opencv-matrix
   rows: 3
   cols: 1
   dt: d
   data: [ 8.3561064362498996e+01, 1.4691841773592419e+01,
       8.2442094346350268e+02 ]
