<?xml version="1.0"?>
<opencv_storage>
<calibration_time>"Fri Apr  6 19:18:24 2018"</calibration_time>
<nr_of_frames>8</nr_of_frames>
<image_width>1024</image_width>
<image_height>768</image_height>
<board_width>8</board_width>
<board_height>6</board_height>
<square_size>36.</square_size>
<fix_aspect_ratio>1.</fix_aspect_ratio>
<!-- flags: +fix_skew +fix_k4 +recompute_extrinsic -->
<flags>650</flags>
<fisheye_model>1</fisheye_model>
<camera_matrix type_id="opencv-matrix">
  <rows>3</rows>
  <cols>3</cols>
  <dt>d</dt>
  <data>
    5.6736753821350612e+02 0. 5.1150000000000000e+02 0.
    5.7020096360485252e+02 3.8350000000000000e+02 0. 0. 1.</data></camera_matrix>
<distortion_coefficients type_id="opencv-matrix">
  <rows>4</rows>
  <cols>1</cols>
  <dt>d</dt>
  <data>
    -3.1639341658748169e-02 -7.7429675104799367e-02
    5.9933375584420238e-02 0.</data></distortion_coefficients>
<avg_reprojection_error>1.1357600092126809e+00</avg_reprojection_error>
<per_view_reprojection_errors type_id="opencv-matrix">
  <rows>8</rows>
  <cols>1</cols>
  <dt>f</dt>
  <data>
    1.21784461e+00 1.45179868e+00 8.63219440e-01 8.42618108e-01
    1.23779702e+00 1.16099608e+00 1.12990808e+00 1.05680788e+00</data></per_view_reprojection_errors>
<!-- a set of 6-tuples (rotation vector + translation vector) for each view -->
<extrinsic_parameters type_id="opencv-matrix">
  <rows>8</rows>
  <cols>6</cols>
  <dt>d</dt>
  <data>
    -9.3681044969971372e-02 -1.3836417374393564e-01
    2.1621479765942767e-02 2.5504230825446211e+01
    -2.3050517286765677e+02 4.2413838679002919e+02
    -3.3133755876673254e-01 -3.4056711747584922e-01
    -1.4913478594970578e-01 -8.0388001380480148e+01
    -2.2556476858287448e+02 4.7390948222250330e+02
    -2.7451920975190852e-01 5.0794487290631896e-01
    5.7892408308612442e-01 1.6603534321032191e+02
    -3.0547311079520335e+02 8.0554273075670415e+02
    7.9931606315997694e-01 -2.6265618770597315e-01
    2.1573995123465867e-01 -2.1966850098334913e+02
    -3.0149696266198515e+02 4.0608626604860382e+02
    2.5794229878935598e-01 -2.7815278536377169e-01
    8.1105909473882229e-02 5.9691429851649566e+01
    -2.2116656507164521e+02 3.6129921971414552e+02
    -6.6030025746255661e-01 -1.5259631373065521e-01
    -8.4828965016052182e-01 -1.3246786970508330e+02
    -9.1190868873904861e+01 6.9895149898069849e+02
    -3.6876718700027850e-01 6.3893339261376214e-01
    1.0552206442640111e-01 1.9898144181886633e+02
    -1.8380038295751544e+02 5.8764287336182849e+02
    -2.2652823950331490e-02 4.1053694261675056e-01
    -5.2437951054689312e-02 -1.3806225377379590e+01
    -2.0771156887542170e+02 4.1831955567726635e+02</data></extrinsic_parameters>
<image_points>
  <_>
    5.4292822265625000e+02 1.0287542724609375e+02 5.8580847167968750e+02
    1.0637291717529297e+02 6.2462951660156250e+02 1.1543215942382813e+02
    6.6281152343750000e+02 1.2242611694335938e+02 6.9924755859375000e+02
    1.3004695129394531e+02 7.3362164306640625e+02 1.3693951416015625e+02
    7.6686248779296875e+02 1.4323271179199219e+02 7.9408081054687500e+02
    1.5232005310058594e+02 5.4279644775390625e+02 1.3849040222167969e+02
    5.8759020996093750e+02 1.4146055603027344e+02 6.2756085205078125e+02
    1.4994342041015625e+02 6.6709265136718750e+02 1.5647691345214844e+02
    7.0380102539062500e+02 1.6383598327636719e+02 7.3890673828125000e+02
    1.7042175292968750e+02 7.7271118164062500e+02 1.7594612121582031e+02
    8.0030590820312500e+02 1.8511041259765625e+02 5.4278302001953125e+02
    1.7743104553222656e+02 5.8896911621093750e+02 1.8017250061035156e+02
    6.3087463378906250e+02 1.8728855895996094e+02 6.7037225341796875e+02
    1.9423851013183594e+02 7.0817700195312500e+02 2.0042250061035156e+02
    7.4414208984375000e+02 2.0585459899902344e+02 7.7837609863281250e+02
    2.1148013305664063e+02 8.0600299072265625e+02 2.1890939331054688e+02
    5.4270080566406250e+02 2.1945050048828125e+02 5.8999517822265625e+02
    2.2207698059082031e+02 6.3263385009765625e+02 2.2856980895996094e+02
    6.7425280761718750e+02 2.3356083679199219e+02 7.1305932617187500e+02
    2.3869615173339844e+02 7.4812310791015625e+02 2.4485214233398438e+02
    7.8319348144531250e+02 2.4848754882812500e+02 8.1138433837890625e+02
    2.5532562255859375e+02 5.4260253906250000e+02 2.6496707153320313e+02
    5.9115423583984375e+02 2.6718014526367188e+02 6.3444091796875000e+02
    2.7243267822265625e+02 6.7677276611328125e+02 2.7651004028320313e+02
    7.1759613037109375e+02 2.7979959106445313e+02 7.5188391113281250e+02
    2.8487768554687500e+02 7.8746911621093750e+02 2.8823825073242188e+02
    8.1554705810546875e+02 2.9332400512695313e+02 5.4225842285156250e+02
    3.1294735717773438e+02 5.9168298339843750e+02 3.1471304321289063e+02
    6.3578948974609375e+02 3.1843493652343750e+02 6.7884094238281250e+02
    3.2137689208984375e+02 7.2029718017578125e+02 3.2347299194335938e+02
    7.5495202636718750e+02 3.2727459716796875e+02 7.9013580322265625e+02
    3.2922241210937500e+02 8.1930108642578125e+02 3.3262673950195313e+02</_>
  <_>
    4.2418139648437500e+02 1.3371176147460938e+02 4.6223834228515625e+02
    1.3357069396972656e+02 4.9752011108398438e+02 1.3900955200195313e+02
    5.3178814697265625e+02 1.4182110595703125e+02 5.6535516357421875e+02
    1.4502485656738281e+02 5.9661346435546875e+02 1.4738626098632813e+02
    6.2743859863281250e+02 1.4872180175781250e+02 6.5330645751953125e+02
    1.5452528381347656e+02 4.2797650146484375e+02 1.6276675415039063e+02
    4.6809097290039063e+02 1.6105897521972656e+02 5.0431948852539063e+02
    1.6600181579589844e+02 5.4051733398437500e+02 1.6847842407226563e+02
    5.7426049804687500e+02 1.7136743164062500e+02 6.0665380859375000e+02
    1.7344616699218750e+02 6.3793896484375000e+02 1.7438291931152344e+02
    6.6426000976562500e+02 1.7973648071289063e+02 4.3260714721679688e+02
    1.9396473693847656e+02 4.7439996337890625e+02 1.9180116271972656e+02
    5.1277886962890625e+02 1.9540046691894531e+02 5.4873760986328125e+02
    1.9847711181640625e+02 5.8373223876953125e+02 2.0038427734375000e+02
    6.1718383789062500e+02 2.0137400817871094e+02 6.4889300537109375e+02
    2.0208906555175781e+02 6.7564300537109375e+02 2.0669686889648438e+02
    4.3805972290039063e+02 2.2854273986816406e+02 4.8147726440429688e+02
    2.2579177856445313e+02 5.2052551269531250e+02 2.2915534973144531e+02
    5.5874865722656250e+02 2.2973265075683594e+02 5.9488983154296875e+02
    2.3081797790527344e+02 6.2780950927734375e+02 2.3284568786621094e+02
    6.6051434326171875e+02 2.3190916442871094e+02 6.8749816894531250e+02
    2.3540507507324219e+02 4.4429714965820313e+02 2.6653848266601563e+02
    4.8923123168945313e+02 2.6334432983398438e+02 5.2952154541015625e+02
    2.6538800048828125e+02 5.6867565917968750e+02 2.6525491333007813e+02
    6.0662908935546875e+02 2.6363555908203125e+02 6.3909863281250000e+02
    2.6565859985351563e+02 6.7218432617187500e+02 2.6398150634765625e+02
    6.9931884765625000e+02 2.6659069824218750e+02 4.5121606445312500e+02
    3.0806445312500000e+02 4.9772366333007813e+02 3.0401766967773438e+02
    5.3919610595703125e+02 3.0461001586914063e+02 5.7934436035156250e+02
    3.0314154052734375e+02 6.1822253417968750e+02 3.0010351562500000e+02
    6.5077929687500000e+02 3.0110406494140625e+02 6.8388500976562500e+02
    2.9844476318359375e+02 7.1151861572265625e+02 2.9911264038085938e+02</_>
  <_>
    6.2133386230468750e+02 1.8087161254882813e+02 6.4074798583984375e+02
    1.8673168945312500e+02 6.6159356689453125e+02 1.9568011474609375e+02
    6.8239672851562500e+02 2.0174137878417969e+02 7.0443121337890625e+02
    2.1152455139160156e+02 7.2657043457031250e+02 2.2020411682128906e+02
    7.4936236572265625e+02 2.2740077209472656e+02 7.7253894042968750e+02
    2.3810847473144531e+02 6.0898284912109375e+02 1.9709315490722656e+02
    6.2869207763671875e+02 2.0317434692382813e+02 6.4947308349609375e+02
    2.1262271118164063e+02 6.7072216796875000e+02 2.1947523498535156e+02
