<?xml version="1.0"?>
<opencv_storage>
<calibration_time>"Thu Mar 15 20:36:47 2018"</calibration_time>
<nr_of_frames>8</nr_of_frames>
<image_width>800</image_width>
<image_height>600</image_height>
<board_width>8</board_width>
<board_height>6</board_height>
<square_size>36.</square_size>
<fix_aspect_ratio>1.</fix_aspect_ratio>
<!-- flags: +fix_aspectRatio +fix_principal_point +zero_tangent_dist +fix_k4 +fix_k5 -->
<flags>6158</flags>
<fisheye_model>0</fisheye_model>
<camera_matrix type_id="opencv-matrix">
  <rows>3</rows>
  <cols>3</cols>
  <dt>d</dt>
  <data>
    1.0187749739927310e+03 0. 400. 0. 1.0187749739927310e+03 300. 0. 0.
    1.</data></camera_matrix>
<distortion_coefficients type_id="opencv-matrix">
  <rows>5</rows>
  <cols>1</cols>
  <dt>d</dt>
  <data>
    -1.9612880449399847e-01 1.9077705344625850e+00 0. 0.
    -3.2866277121492575e+00</data></distortion_coefficients>
<avg_reprojection_error>9.7049133248852293e-01</avg_reprojection_error>
<per_view_reprojection_errors type_id="opencv-matrix">
  <rows>8</rows>
  <cols>1</cols>
  <dt>f</dt>
  <data>
    8.12727749e-01 6.26822531e-01 2.78013945e-01 9.29164767e-01
    9.55966115e-01 1.01655746e+00 1.47788656e+00 1.18715906e+00</data></per_view_reprojection_errors>
<!-- a set of 6-tuples (rotation vector + translation vector) for each view -->
<extrinsic_parameters type_id="opencv-matrix">
  <rows>8</rows>
  <cols>6</cols>
  <dt>d</dt>
  <data>
    -1.6882522446835410e-01 -3.8778434114804688e-01
    -1.2920032798609336e+00 2.3971299163799625e+01
    6.3674906623047860e+01 8.6774853173271117e+02 2.2927445737855751e-01
    -3.6360716261837994e-01 8.2553977745401719e-01
    2.2174101427075854e+02 -1.8867893957060554e+02
    1.1895874821778473e+03 1.1521958241652022e-01
    -1.7787546534992058e-01 -2.1753486160519594e-01
    -1.7595483293678885e+02 -1.4938526748903166e+02
    9.4687237916916388e+02 -6.6590527058121773e-01
    -2.0299236891704039e-01 5.1278913953684013e-01
    -1.0777873035174319e+02 -4.9895614450269427e+01
    1.0262842851656994e+03 -4.7455162701855680e-01
    5.4710944023066765e-01 -2.6727625765459062e-01
    9.1114728648411347e+00 -1.2997679009447577e+02
    1.1152899298035720e+03 -5.1327068824622135e-01
    -6.3496311349967893e-01 2.9946652918835587e-01
    -1.9465190105177652e+02 -1.0074171488773467e+02
    9.6661541525660380e+02 -1.0163473312568896e+00
    -4.2333650260378541e-01 2.1759190029060757e-01
    -2.1202740656374945e+02 -1.3073528758223318e+02
    1.0025696243354284e+03 -7.4050451729802780e-01
    -7.0078890499970792e-01 6.9897301693362079e-01
    -1.5913648914011702e+02 -8.1189406118257807e+01
    1.0083683825728031e+03</data></extrinsic_parameters>
<image_points type_id="opencv-matrix">
  <rows>8</rows>
  <cols>48</cols>
  <dt>"2f"</dt>
  <data>
    4.28376190e+02 3.74149597e+02 4.37482025e+02 3.35335663e+02
    4.45372772e+02 2.98899445e+02 4.54068909e+02 2.62003143e+02
    4.61452362e+02 2.27810516e+02 4.69129913e+02 1.93727997e+02
    4.77439178e+02 1.59177063e+02 4.84002960e+02 1.27843369e+02
    4.68122864e+02 3.84617767e+02 4.76937866e+02 3.46369324e+02
    4.83771667e+02 3.10245453e+02 4.92145935e+02 2.73286713e+02
    4.98732574e+02 2.38993271e+02 5.06098846e+02 2.04570877e+02
    5.14003662e+02 1.70228485e+02 5.20189392e+02 1.38730347e+02
    5.07936340e+02 3.96625092e+02 5.16013977e+02 3.57622375e+02
    5.22236084e+02 3.21253174e+02 5.29497131e+02 2.84761139e+02
    5.36234497e+02 2.49579529e+02 5.42624329e+02 2.15559647e+02
    5.50253540e+02 1.80764465e+02 5.55577087e+02 1.49600418e+02
    5.47192017e+02 4.07983612e+02 5.54847168e+02 3.68559723e+02
    5.60536072e+02 3.32002289e+02 5.66422302e+02 2.96254822e+02
    5.72548706e+02 2.61267944e+02 5.79466736e+02 2.25960480e+02
    5.86321350e+02 1.91750885e+02 5.91079163e+02 1.60305420e+02
    5.86288208e+02 4.18875580e+02 5.93427917e+02 3.79728210e+02
    5.98264526e+02 3.43075073e+02 6.03668579e+02 3.07215302e+02
    6.09555969e+02 2.71519043e+02 6.15164185e+02 2.37153061e+02
    6.22016357e+02 2.02396103e+02 6.26184998e+02 1.71111954e+02
    6.25018188e+02 4.30015076e+02 6.31690857e+02 3.90498413e+02
    6.35657837e+02 3.54126465e+02 6.40717468e+02 3.17733734e+02
    6.45799683e+02 2.82419769e+02 6.51070984e+02 2.47823929e+02
    6.57503906e+02 2.13255432e+02 6.61484680e+02 1.81416672e+02
    5.89331116e+02 1.39581604e+02 6.06523315e+02 1.62238144e+02
    6.21214600e+02 1.83158096e+02 6.36720642e+02 2.04247086e+02
    6.52250916e+02 2.25082306e+02 6.67520691e+02 2.45509720e+02
    6.83541931e+02 2.66113861e+02 6.97074036e+02 2.84944489e+02
    5.65773560e+02 1.59825989e+02 5.83387329e+02 1.82330460e+02
    5.98442749e+02 2.03034805e+02 6.14430359e+02 2.23789093e+02
    6.29800354e+02 2.44245300e+02 6.45489685e+02 2.64561127e+02
    6.61596985e+02 2.84780670e+02 6.75434082e+02 3.03488647e+02
    5.42593689e+02 1.80138718e+02 5.60399963e+02 2.02250839e+02
    5.76119446e+02 2.22911911e+02 5.91697266e+02 2.43273666e+02
    6.07561035e+02 2.63367920e+02 6.23647339e+02 2.83580139e+02
    6.39676208e+02 3.03609467e+02 6.53841125e+02 3.22066315e+02
    5.19465759e+02 2.00330780e+02 5.37425903e+02 2.22277328e+02
    5.53230286e+02 2.42453949e+02 5.69736877e+02 2.62875366e+02
    5.86086853e+02 2.83055359e+02 6.01549805e+02 3.02478424e+02
    6.17973877e+02 3.22359741e+02 6.32528198e+02 3.40674866e+02
    4.96446503e+02 2.20546341e+02 5.14527832e+02 2.42162842e+02
    5.30696472e+02 2.62094543e+02 5.47369141e+02 2.82270660e+02
    5.64430542e+02 3.02566162e+02 5.79766602e+02 3.21429535e+02
    5.96338623e+02 3.41166931e+02 6.10698792e+02 3.59197968e+02
    4.73459778e+02 2.40644119e+02 4.91652374e+02 2.62066650e+02
    5.08285797e+02 2.81654541e+02 5.25159790e+02 3.01562775e+02
    5.42541260e+02 3.21848145e+02 5.58056885e+02 3.40362122e+02
    5.74659607e+02 3.59745667e+02 5.89763672e+02 3.77752625e+02
    2.11603943e+02 1.40059128e+02 2.49763336e+02 1.32362823e+02
    2.87011383e+02 1.25100456e+02 3.24292938e+02 1.17494392e+02
    3.60447418e+02 1.10361221e+02 3.96573090e+02 1.03003349e+02
    4.32760376e+02 9.54885330e+01 4.67644653e+02 8.86793823e+01
    2.20776993e+02 1.77628036e+02 2.58312469e+02 1.70139648e+02
    2.95304230e+02 1.62457993e+02 3.32277374e+02 1.54776245e+02
    3.68337311e+02 1.47307495e+02 4.04273468e+02 1.39779358e+02
    4.40381104e+02 1.32351700e+02 4.75038666e+02 1.25279938e+02
    2.28950867e+02 2.15574799e+02 2.66648224e+02 2.07630905e+02
    3.03368225e+02 1.99694504e+02 3.40107208e+02 1.91790497e+02
    3.76167236e+02 1.84062469e+02 4.11796906e+02 1.76409119e+02
    4.47731110e+02 1.68696243e+02 4.82263306e+02 1.61461914e+02
    2.37497009e+02 2.52954987e+02 2.74963043e+02 2.44706299e+02
    3.11564240e+02 2.36569244e+02 3.47638336e+02 2.28512833e+02
    3.83573456e+02 2.20486145e+02 4.19481659e+02 2.12725830e+02
    4.55243896e+02 2.05086884e+02 4.89295105e+02 1.97446884e+02
    2.45847992e+02 2.89791260e+02 2.83290192e+02 2.81638733e+02
    3.19462524e+02 2.73081024e+02 3.55459381e+02 2.64794281e+02
    3.91338470e+02 2.56687317e+02 4.26680450e+02 2.48676254e+02
    4.62444183e+02 2.41000809e+02 4.96375610e+02 2.33139679e+02
    2.54234787e+02 3.26461914e+02 2.91350220e+02 3.18161377e+02
    3.27377594e+02 3.09354675e+02 3.63232483e+02 3.00793457e+02
    3.98709106e+02 2.92557281e+02 4.33979431e+02 2.84417389e+02
    4.69563080e+02 2.76626556e+02 5.03399292e+02 2.68506744e+02
    2.93586853e+02 2.50539841e+02 3.24614471e+02 2.68219025e+02
    3.53922760e+02 2.88147095e+02 3.85361725e+02 3.04968872e+02
    4.14636169e+02 3.24826752e+02 4.45199127e+02 3.42904053e+02
    4.76730743e+02 3.59477234e+02 5.06475372e+02 3.78580292e+02
    2.76884033e+02 2.74127777e+02 3.08648926e+02 2.91809723e+02
    3.38515991e+02 3.12434235e+02 3.70517944e+02 3.29765259e+02
    4.01022980e+02 3.49612518e+02 4.32266663e+02 3.68017578e+02
    4.64703278e+02 3.84800201e+02 4.94831116e+02 4.04620728e+02
    2.59627563e+02 2.98170502e+02 2.92635315e+02 3.16089172e+02
