<?xml version="1.0"?>
<opencv_storage>
<calibration_time>"Fri Mar 30 23:22:45 2018"</calibration_time>
<nr_of_frames>8</nr_of_frames>
<image_width>1024</image_width>
<image_height>768</image_height>
<board_width>8</board_width>
<board_height>6</board_height>
<square_size>36.</square_size>
<fix_aspect_ratio>1.</fix_aspect_ratio>
<!-- flags: +fix_skew +fix_k4 +recompute_extrinsic -->
<flags>650</flags>
<fisheye_model>1</fisheye_model>
<camera_matrix type_id="opencv-matrix">
  <rows>3</rows>
  <cols>3</cols>
  <dt>d</dt>
  <data>
    5.6659439193444962e+02 0. 5.1150000000000000e+02 0.
    5.6724696657682671e+02 3.8350000000000000e+02 0. 0. 1.</data></camera_matrix>
<distortion_coefficients type_id="opencv-matrix">
  <rows>4</rows>
  <cols>1</cols>
  <dt>d</dt>
  <data>
    -5.3655129511346204e-02 -1.5226397115591647e-02
    -2.2958929261657165e-03 0.</data></distortion_coefficients>
<avg_reprojection_error>1.1385060005634093e+00</avg_reprojection_error>
<per_view_reprojection_errors type_id="opencv-matrix">
  <rows>8</rows>
  <cols>1</cols>
  <dt>f</dt>
  <data>
    1.02131903e+00 1.30243111e+00 9.05593991e-01 9.60068643e-01
    9.06567633e-01 1.20138562e+00 1.28626752e+00 1.40308189e+00</data></per_view_reprojection_errors>
<!-- a set of 6-tuples (rotation vector + translation vector) for each view -->
<extrinsic_parameters type_id="opencv-matrix">
  <rows>8</rows>
  <cols>6</cols>
  <dt>d</dt>
  <data>
    -1.1479394626294406e-01 -1.2347375543197013e-01
    2.9110080244124370e-02 -9.4506107642684356e+01
    -2.2032007026128329e+02 4.2468601189152804e+02
    -3.4518857609247550e-01 -3.2983194786928954e-01
    -1.4171446605349339e-01 -2.0051388329198574e+02
    -2.1488904040084236e+02 4.7643348038386489e+02
    -2.9312677705979018e-01 5.2216572333872568e-01
    5.8101120148897867e-01 4.6667112246309237e+01
    -2.8623639503147160e+02 8.0189463939092741e+02
    7.7002371606229003e-01 -2.5981772406519910e-01
    2.1183803673510523e-01 -3.4125013876902739e+02
    -2.9269595996756078e+02 4.1209055536562209e+02
    2.4168465637472689e-01 -2.5882601973394243e-01
    8.9204655590385692e-02 -6.1183337110028695e+01
    -2.1223889858294640e+02 3.6152164732044236e+02
    -6.7802786423014039e-01 -1.5239269176362918e-01
    -8.4418950720794150e-01 -2.5271023267284679e+02
    -7.5478794633078905e+01 6.9814722761716212e+02
    -3.8921179893102498e-01 6.4282515681738939e-01
    1.0923013860130240e-01 7.9119450051277866e+01
    -1.6936420642242007e+02 5.8260652052806188e+02
    -4.0323683801489048e-02 4.2418673970738185e-01
    -5.2428789190931226e-02 -1.3293783621195121e+02
    -1.9808923023694408e+02 4.1995005029459304e+02</data></extrinsic_parameters>
<image_points>
  <_>
    3.9901416015625000e+02 1.1908145904541016e+02 4.4151104736328125e+02
    1.1872573089599609e+02 4.8391235351562500e+02 1.2392568969726563e+02
    5.2627154541015625e+02 1.2740748596191406e+02 5.6804486083984375e+02
    1.3211508178710938e+02 6.0879992675781250e+02 1.3646179199218750e+02
    6.4868780517578125e+02 1.4044784545898438e+02 6.8413446044921875e+02
    1.4857621765136719e+02 3.9396795654296875e+02 1.5521525573730469e+02
    4.3805416870117188e+02 1.5398907470703125e+02 4.8176358032226563e+02
    1.5897834777832031e+02 5.2577526855468750e+02 1.6241072082519531e+02
    5.6870257568359375e+02 1.6690924072265625e+02 6.1068988037109375e+02
    1.7129263305664063e+02 6.5171899414062500e+02 1.7499638366699219e+02
    6.8795495605468750e+02 1.8304016113281250e+02 3.8914224243164063e+02
    1.9367681884765625e+02 4.3442263793945313e+02 1.9312722778320313e+02
    4.8016140747070313e+02 1.9689450073242188e+02 5.2521240234375000e+02
    2.0118872070312500e+02 5.6936511230468750e+02 2.0503546142578125e+02
    6.1245404052734375e+02 2.0850788879394531e+02 6.5462902832031250e+02
    2.1237350463867188e+02 6.9171044921875000e+02 2.1933787536621094e+02
    3.8451089477539063e+02 2.3546505737304688e+02 4.3117950439453125e+02
    2.3514213562011719e+02 4.7776681518554688e+02 2.3914073181152344e+02
    5.2462707519531250e+02 2.4165481567382813e+02 5.7025866699218750e+02
    2.4510391235351563e+02 6.1371228027343750e+02 2.4967306518554688e+02
    6.5725109863281250e+02 2.5228736877441406e+02 6.9521295166015625e+02
    2.5839682006835938e+02 3.8043267822265625e+02 2.8024261474609375e+02
    4.2790362548828125e+02 2.8045437622070313e+02 4.7591427612304688e+02
    2.8369378662109375e+02 5.2369421386718750e+02 2.8615835571289063e+02
    5.7136511230468750e+02 2.8807693481445313e+02 6.1520568847656250e+02
    2.9238983154296875e+02 6.5934149169921875e+02 2.9491833496093750e+02
    6.9727697753906250e+02 2.9972903442382813e+02 3.7700503540039063e+02
    3.2751699829101563e+02 4.2549099731445313e+02 3.2803009033203125e+02
    4.7434512329101563e+02 3.3099069213867188e+02 5.2320404052734375e+02
    3.3305737304687500e+02 5.7145019531250000e+02 3.3434240722656250e+02
    6.1573571777343750e+02 3.3764703369140625e+02 6.6043829345703125e+02
    3.3945797729492188e+02 6.9983984375000000e+02 3.4275265502929688e+02</_>
  <_>
    3.0229489135742188e+02 1.5752651977539063e+02 3.3872109985351563e+02
    1.5413845825195313e+02 3.7456207275390625e+02 1.5716506958007813e+02
    4.1002529907226563e+02 1.5724215698242188e+02 4.4549761962890625e+02
    1.5761898803710938e+02 4.7992645263671875e+02 1.5767150878906250e+02
    5.1405865478515625e+02 1.5709471130371094e+02 5.4463977050781250e+02
    1.6144702148437500e+02 3.0111120605468750e+02 1.8553680419921875e+02
    3.3906710815429688e+02 1.8125564575195313e+02 3.7588702392578125e+02
    1.8339122009277344e+02 4.1341940307617188e+02 1.8325022888183594e+02
    4.4979772949218750e+02 1.8364390563964844e+02 4.8570736694335938e+02
    1.8368670654296875e+02 5.2086395263671875e+02 1.8298417663574219e+02
    5.5258782958984375e+02 1.8673689270019531e+02 2.9986831665039063e+02
    2.1577291870117188e+02 3.3944451904296875e+02 2.1124743652343750e+02
    3.7865466308593750e+02 2.1214653015136719e+02 4.1690423583984375e+02
    2.1299070739746094e+02 4.5483657836914063e+02 2.1259916687011719e+02
    4.9209860229492188e+02 2.1155850219726563e+02 5.2838049316406250e+02
    2.1063166809082031e+02 5.6082525634765625e+02 2.1378771972656250e+02
    2.9954376220703125e+02 2.4911604309082031e+02 3.4070431518554688e+02
    2.4411775207519531e+02 3.8121847534179688e+02 2.4523995971679688e+02
    4.2145367431640625e+02 2.4364944458007813e+02 4.6095095825195313e+02
    2.4272146606445313e+02 4.9885195922851563e+02 2.4340390014648438e+02
    5.3640710449218750e+02 2.4096479797363281e+02 5.6990234375000000e+02
    2.4332002258300781e+02 2.9980822753906250e+02 2.8532620239257813e+02
    3.4248458862304688e+02 2.8046817016601563e+02 3.8452352905273438e+02
    2.8065689086914063e+02 4.2638784790039063e+02 2.7887426757812500e+02
    4.6777627563476563e+02 2.7563122558593750e+02 5.0624475097656250e+02
    2.7632922363281250e+02 5.4479797363281250e+02 2.7340374755859375e+02
    5.7886206054687500e+02 2.7525051879882813e+02 3.0116339111328125e+02
    3.2472610473632813e+02 3.4534927368164063e+02 3.1961053466796875e+02
    3.8879803466796875e+02 3.1919607543945313e+02 4.3213284301757813e+02
    3.1645178222656250e+02 4.7484863281250000e+02 3.1241885375976563e+02
    5.1429388427734375e+02 3.1224703979492188e+02 5.5369317626953125e+02
    3.0899761962890625e+02 5.8895788574218750e+02 3.0892343139648438e+02</_>
  <_>
    5.4296514892578125e+02 1.9047644042968750e+02 5.6118920898437500e+02
    1.9563922119140625e+02 5.8117590332031250e+02 2.0410154724121094e+02
    6.0094720458984375e+02 2.0944679260253906e+02 6.2292456054687500e+02
    2.1872969055175781e+02 6.4494873046875000e+02 2.2673709106445313e+02
    6.6782141113281250e+02 2.3362411499023438e+02 6.9195025634765625e+02
    2.4412619018554688e+02 5.2899505615234375e+02 2.0731953430175781e+02
    5.4703631591796875e+02 2.1286190795898438e+02 5.6685412597656250e+02
    2.2180030822753906e+02 5.8702160644531250e+02 2.2822898864746094e+02
